                     CLIMATOLOGICAL SUMMARY for year 2012


NAME: Woodlands Farm, N2, Grahamstown, EC, South Africa                  
ELEV: 652 meters    LAT: 33-16.40 S    LONG: 026-37.40 E


                                       TEMPERATURE (°C)

                              HEAT    COOL                              MAX    MAX    MIN    MIN
          MEAN   MEAN         DEG     DEG                                >=     <=     <=     <=
 YR  MO   MAX    MIN    MEAN  DAYS    DAYS      HI  DAY     LOW  DAY     30      0      0    -20
------------------------------------------------------------------------------------------------
2012 01   27.7   16.0   20.6    3.6   73.1    37.6   30    11.8   26      8      0      0      0
2012 02   24.5   14.6   18.7   24.6   34.3    36.0   28     9.8   13      5      0      0      0
2012 03   24.4   14.3   18.4   27.0   28.8    34.6   03     7.0   18      3      0      0      0
2012 04   21.5   10.2   15.3  101.1    8.8    30.3   06     3.5   24      1      0      0      0
2012 05   20.3    8.9   14.1  138.7    6.7    30.7   09     2.1   20      1      0      0      0
2012 06   16.7    6.8   11.5  206.1    0.0    26.2   05     2.3   11      0      0      0      0
2012 07   16.4    5.3   10.5  244.2    0.3    25.8   06     1.2   24      0      0      0      0
2012 08   17.9    6.7   11.7  206.4    0.0    28.1   28     0.9   17      0      0      0      0
2012 09   20.1    7.6   13.0  162.3    2.6    30.8   26     0.9   02      3      0      0      0
2012 10   18.1    9.9   13.2  158.2    0.6    30.5   01     5.6   11      1      0      0      0
2012 11   22.8   10.6   16.0   78.4    8.2    36.8   11     6.8   02      2      0      0      0
2012 12   25.6   14.9   19.3   19.4   50.3    36.8   22    11.6   05      5      0      0      0
------------------------------------------------------------------------------------------------
          21.3   10.5   15.2 1370.0  213.6    37.6  Jan     0.9  Aug     29      0      0      0


                  PRECIPITATION (mm)

                  MAX         ---DAYS OF RAIN---
                  OBS.               OVER
 YR  MO  TOTAL    DAY  DATE   0.30   3.00  30.00
------------------------------------------------
2012 01   25.3   24.7    23      2      1      0
2012 02  118.7   39.6    03      7      6      1
2012 03   61.0   25.6    23      5      4      0
2012 04   32.0   14.7    27      3      3      0
2012 05    5.0    4.9    14      1      1      0
2012 06   29.0    8.8    21      4      4      0
2012 07   72.1   24.7    14      6      5      0
2012 08   27.9   23.6    07      3      2      0
2012 09   25.0   17.7    05      3      2      0
2012 10  335.0  144.6    17     13     11      3
2012 11   23.1   13.8    30      2      2      0
2012 12   80.0   24.6    31      6      6      0
------------------------------------------------
         834.2  144.6   Oct     55     47      4


           WIND SPEED (km/h)

                                DOM
 YR  MO    AVG     HI   DATE    DIR
-----------------------------------
2012 01   14.7   53.3     30    152
2012 02   16.2   41.0     20    175
2012 03   15.2   40.0     21    172
2012 04   14.3   56.9     09    290
2012 05   14.1   45.4     18    286
2012 06   17.8   56.2     08    307
2012 07   16.4   62.3     14    300
2012 08   17.4   68.8     11    292
2012 09   17.7   50.0     01    236
2012 10   18.1   52.9     21    170
2012 11   16.3   46.1     11    169
2012 12   15.6   47.5     27    146
-----------------------------------
          16.1   68.8    Aug    231
