                     CLIMATOLOGICAL SUMMARY for year 2019


NAME: Woodlands Farm, N2, Grahamstown, EC, South Africa                  
ELEV: 652 meters    LAT: 33-16.40 S    LONG: 026-37.40 E


                                       TEMPERATURE (°C)

                              HEAT    COOL                              MAX    MAX    MIN    MIN
          MEAN   MEAN         DEG     DEG                                >=     <=     <=     <=
 YR  MO   MAX    MIN    MEAN  DAYS    DAYS      HI  DAY     LOW  DAY     30      0      0    -20
------------------------------------------------------------------------------------------------
2019 01   26.3   14.2   19.1   21.7   46.4    39.0   29     8.6   20      6      0      0      0
2019 02   26.1   15.2   19.6    7.6   42.2    34.3   08    10.0   28      2      0      0      0
2019 03   24.8   15.2   19.0   22.4   43.5    40.6   06    11.2   22      3      0      0      0
2019 04   22.2   12.3   16.4   76.5   19.6    32.0   12     8.5   17      3      0      0      0
2019 05   21.6   10.7   15.5   98.4   11.0    30.2   19     5.2   21      1      0      0      0
2019 06   19.4    8.1   13.6  141.5    0.0    25.5   09     0.8   07      0      0      0      0
2019 07   20.6    8.0   14.0  142.5    8.5    28.6   29     0.5   21      0      0      0      0
2019 08   20.6    7.2   13.0  166.5    1.9    29.8   24     3.0   09      0      0      0      0
2019 09   23.1    9.8   15.6  106.4   25.0    35.8   20     4.3   01      6      0      0      0
2019 10   23.0   10.2   15.7   98.0   17.2    39.8   17     5.0   30      3      0      0      0
2019 11   24.8   11.9   17.1   52.3   15.3    32.6   05     8.3   18      4      0      0      0
2019 12   25.2   12.8   18.0   43.8   32.4    38.2   17     7.7   04      4      0      0      0
------------------------------------------------------------------------------------------------
          23.1   11.3   16.4  977.6  262.9    40.6  Mar     0.5  Jul     32      0      0      0


                  PRECIPITATION (mm)

                  MAX         ---DAYS OF RAIN---
                  OBS.               OVER
 YR  MO  TOTAL    DAY  DATE   0.30   3.00  30.00
------------------------------------------------
2019 01   39.0   12.0    25      6      4      0
2019 02   28.5   10.0    02      6      2      0
2019 03  109.5   33.0    08      8      7      1
2019 04   91.5   24.0    23      8      8      0
2019 05   38.5   15.9    08      4      4      0
2019 06    0.0    0.0    01      0      0      0
2019 07    8.0    8.0    20      1      1      0
2019 08    3.0    3.0    17      1      0      0
2019 09   26.6    9.0    29      7      3      0
2019 10   12.0    6.0    07      5      1      0
2019 11   13.1    3.5    16      5      1      0
2019 12    6.5    2.5    09      3      0      0
------------------------------------------------
         376.2   33.0   Mar     54     31      1


           WIND SPEED (km/h)

                                DOM
 YR  MO    AVG     HI   DATE    DIR
-----------------------------------
2019 01   18.6   42.5     18    159
2019 02   16.6   48.2     26    162
2019 03   15.2   46.1     10    162
2019 04   15.9   40.0     30    169
2019 05   13.8   46.8     19    280
2019 06   16.7   62.3     05    304
2019 07   21.0   63.4     24    294
2019 08   15.6   56.2     07    261
2019 09   16.3   43.6     22    221
2019 10   16.9   56.5     21    214
2019 11   17.3   41.0     11    179
2019 12   19.2   55.4     17    155
-----------------------------------
          16.9   63.4    Jul    217
