                     CLIMATOLOGICAL SUMMARY for year 2017


NAME: Woodlands Farm, N2, Grahamstown, EC, South Africa                  
ELEV: 652 meters    LAT: 33-16.40 S    LONG: 026-37.40 E


                                       TEMPERATURE (°C)

                              HEAT    COOL                              MAX    MAX    MIN    MIN
          MEAN   MEAN         DEG     DEG                                >=     <=     <=     <=
 YR  MO   MAX    MIN    MEAN  DAYS    DAYS      HI  DAY     LOW  DAY     30      0      0    -20
------------------------------------------------------------------------------------------------
2017 01   25.8   13.9   18.9   24.6   40.8    38.7   22     9.4   21      5      0      0      0
2017 02   26.1   15.1   19.7   19.4   57.2    36.9   28    10.1   27      8      0      0      0
2017 03   26.0   13.4   18.7   37.8   50.5    36.7   30     8.6   16      9      0      0      0
2017 04   23.5   12.2   16.9   69.1   26.6    33.0   02     6.6   15      5      0      0      0
2017 05   21.6   10.2   15.3   98.5    5.8    29.7   01     6.5   13      0      0      0      0
2017 06   19.5    6.7   13.0  164.2    3.4    27.2   03     0.5   09      0      0      0      0
2017 07   18.7    6.5   12.3  190.6    2.1    27.8   06     1.1   17      0      0      0      0
2017 08   18.1    7.0   11.9  200.3    0.0    27.0   21     2.2   25      0      0      0      0
2017 09   20.7    9.2   14.1  131.3    3.9    30.7   04     4.2   27      1      0      0      0
2017 10   21.3    9.0   14.3  139.6   14.6    34.0   31     4.8   18      4      0      0      0
2017 11   21.7   10.8   15.4  106.6   19.6    37.0   20     5.8   17      3      0      0      0
2017 12   22.6   12.4   16.7   63.9   14.0    32.5   08     7.7   11      2      0      0      0
------------------------------------------------------------------------------------------------
          22.1   10.5   15.6 1245.8  238.5    38.7  Jan     0.5  Jun     37      0      0      0


                  PRECIPITATION (mm)

                  MAX         ---DAYS OF RAIN---
                  OBS.               OVER
 YR  MO  TOTAL    DAY  DATE   0.30   3.00  30.00
------------------------------------------------
2017 01   45.7   23.1    03      8      5      0
2017 02   91.3   19.2    05     14      8      0
2017 03   40.5   14.4    15      9      3      0
2017 04   24.5   11.5    24      5      3      0
2017 05   53.0   34.5    04      6      3      1
2017 06    0.0    0.0    01      0      0      0
2017 07   12.0    4.8    31      4      2      0
2017 08   79.5   49.7    18      8      4      1
2017 09   53.5   49.8    16      3      1      1
2017 10   92.5   37.9    08      8      5      1
2017 11   85.5   26.0    14      7      6      0
2017 12   72.0   31.9    17      8      6      1
------------------------------------------------
         650.0   49.8   Sep     80     46      5


           WIND SPEED (km/h)

                                DOM
 YR  MO    AVG     HI   DATE    DIR
-----------------------------------
2017 01   17.4   50.8     28    166
2017 02   16.4   50.8     07    137
2017 03   15.0   47.5     12    179
2017 04   13.5   40.7     14    193
2017 05   14.3   42.1     10    270
2017 06   18.2   66.2     19    291
2017 07   15.4   42.8     18    274
2017 08   16.7   50.0     22    242
2017 09   17.3   47.9     05    162
2017 10   16.8   53.3     31    197
2017 11   16.8   47.5     15    160
2017 12   16.1   54.0     09    149
-----------------------------------
          16.1   66.2    Jun    206
