                     CLIMATOLOGICAL SUMMARY for year 2010


NAME: Woodlands Farm, N2, Grahamstown, EC, South Africa                  
ELEV: 652 meters    LAT: 33-16.40 S    LONG: 026-37.40 E


                                       TEMPERATURE (°C)

                              HEAT    COOL                              MAX    MAX    MIN    MIN
          MEAN   MEAN         DEG     DEG                                >=     <=     <=     <=
 YR  MO   MAX    MIN    MEAN  DAYS    DAYS      HI  DAY     LOW  DAY     30      0      0    -20
------------------------------------------------------------------------------------------------
2010 01   26.2   15.0   19.6   17.7   55.8    39.7   06    10.8   17      7      0      0      0
2010 02   28.4   15.8   21.0    8.4   81.6    40.2   15    11.7   27      9      0      0      0
2010 03   27.4   14.9   19.9   20.1   68.8    38.0   09     8.0   18     10      0      0      0
2010 04   22.9   11.4   16.3   84.9   22.9    35.8   13     5.7   23      4      0      0      0
2010 05   22.1   10.2   15.3  100.9    7.8    28.2   17     4.1   29      0      0      0      0
2010 06   17.0    6.2   11.1  216.0    0.0    27.5   07    -0.5   23      0      0      1      0
2010 07   19.0    7.3   12.8  173.8    0.8    25.3   31     0.2   13      0      0      0      0
2010 08   21.5    7.7   13.9  142.6    4.9    33.0   30     1.6   20      2      0      0      0
2010 09   21.0    8.3   13.7  143.1    5.0    35.0   14     3.6   17      1      0      0      0
2010 10   19.9    9.9   14.0  135.6    2.1    33.9   18     5.5   12      2      0      0      0
2010 11   22.1   11.7   16.0   82.5   11.8    32.0   19     8.4   13      1      0      0      0
2010 12   21.3   12.8   16.6   67.0   12.2    30.2   22     5.7   07      1      0      0      0
------------------------------------------------------------------------------------------------
          22.4   10.9   15.8 1192.5  273.8    40.2  Feb    -0.5  Jun     37      0      1      0


                  PRECIPITATION (mm)

                  MAX         ---DAYS OF RAIN---
                  OBS.               OVER
 YR  MO  TOTAL    DAY  DATE   0.30   3.00  30.00
------------------------------------------------
2010 01  109.0   19.9    25      8      8      0
2010 02   74.0   31.9    22      5      5      1
2010 03   35.0   10.0    01      4      4      0
2010 04   57.0   20.9    29      4      4      0
2010 05    5.0    5.0    28      1      1      0
2010 06  105.0   69.5    08      5      4      1
2010 07   14.0    8.9    11      2      2      0
2010 08   15.0   14.9    18      1      1      0
2010 09   16.0   15.9    21      1      1      0
2010 10  151.0   54.6    14      8      7      3
2010 11   57.0    9.9    16      7      7      0
2010 12   86.1   30.8    16      4      4      1
------------------------------------------------
         724.1   69.5   Jun     50     48      6


           WIND SPEED (km/h)

                                DOM
 YR  MO    AVG     HI   DATE    DIR
-----------------------------------
2010 01   13.6   39.6     10    152
2010 02   12.7   40.7     15    158
2010 03   13.8   45.0     21    152
2010 04   12.6   39.6     09    238
2010 05   12.9   54.7     13    308
2010 06   15.3   48.2     19    306
2010 07   15.6   49.3     22    306
2010 08   17.1   62.6     26    296
2010 09   17.2   46.4     06    226
2010 10   16.9   43.9     14    168
2010 11   16.4   41.4     11    183
2010 12   17.7   47.9     16    149
-----------------------------------
          15.2   62.6    Aug    206
