                     CLIMATOLOGICAL SUMMARY for year 2014


NAME: Woodlands Farm, N2, Grahamstown, EC, South Africa                  
ELEV: 652 meters    LAT: 33-16.40 S    LONG: 026-37.40 E


                                       TEMPERATURE (°C)

                              HEAT    COOL                              MAX    MAX    MIN    MIN
          MEAN   MEAN         DEG     DEG                                >=     <=     <=     <=
 YR  MO   MAX    MIN    MEAN  DAYS    DAYS      HI  DAY     LOW  DAY     30      0      0    -20
------------------------------------------------------------------------------------------------
2014 01   27.5   15.9   20.8    6.8   83.9    36.8   04    11.3   14      8      0      0      0
2014 02   26.4   16.0   20.2    8.0   60.6    35.2   01    13.5   03      6      0      0      0
2014 03   25.2   13.3   18.4   39.1   40.4    35.7   22     7.2   13      7      0      0      0
2014 04   22.1   11.0   15.9   93.2   19.6    31.8   13     6.4   25      4      0      0      0
2014 05   20.7    9.8   14.9  120.2   14.9    31.1   03     6.0   11      2      0      0      0
2014 06   18.3    6.1   12.0  191.0    0.0    24.9   25     1.0   11      0      0      0      0
2014 07   19.2    6.3   12.5  186.6    6.4    27.5   01    -1.7   07      0      0      1      0
2014 08   19.6    8.8   13.4  155.4    1.7    29.0   03     2.1   29      0      0      0      0
2014 09   22.3    9.7   15.0  106.5    6.7    32.1   23     4.4   19      2      0      0      0
2014 10   20.7   10.4   15.0  118.2   13.6    33.5   29     5.7   10      3      0      0      0
2014 11   21.6   11.4   15.8   82.3    7.5    29.4   08     6.5   16      0      0      0      0
2014 12   22.8   13.9   17.6   34.6   10.7    30.7   09    11.0   21      1      0      0      0
------------------------------------------------------------------------------------------------
          22.2   11.0   15.9 1142.0  266.0    36.8  Jan    -1.7  Jul     33      0      1      0


                  PRECIPITATION (mm)

                  MAX         ---DAYS OF RAIN---
                  OBS.               OVER
 YR  MO  TOTAL    DAY  DATE   0.30   3.00  30.00
------------------------------------------------
2014 01   13.0    6.8    29      2      2      0
2014 02   78.0   22.4    28      9      6      0
2014 03   60.1   34.0    09      5      4      1
2014 04  127.9   53.7    24      7      5      2
2014 05   21.0    9.7    13      3      3      0
2014 06    0.0    0.0    01      0      0      0
2014 07    0.0    0.0    01      0      0      0
2014 08   29.0   13.6    09      5      2      0
2014 09   64.0   19.4    24      6      4      0
2014 10   47.0   21.3    16      5      3      0
2014 11   69.0   24.2    12      7      5      0
2014 12   68.0   24.2    09      8      4      0
------------------------------------------------
         577.0   53.7   Apr     57     38      3


           WIND SPEED (km/h)

                                DOM
 YR  MO    AVG     HI   DATE    DIR
-----------------------------------
2014 01   14.5   39.6     08    164
2014 02   14.8   63.7     01    150
2014 03   14.3   42.5     29    210
2014 04   12.3   41.0     03    248
2014 05   15.7   49.7     09    305
2014 06   17.9   65.9     15    309
2014 07   17.9   60.5     17    305
2014 08   16.3   52.6     20    279
2014 09   16.4   61.9     18    172
2014 10   18.3   48.6     26    144
2014 11   18.2   54.0     15    138
2014 12   15.6   41.4     28    157
-----------------------------------
          16.0   65.9    Jun    238
