                     CLIMATOLOGICAL SUMMARY for year 2021


NAME: Woodlands Farm, N2, Grahamstown, EC, South Africa                  
ELEV: 652 meters    LAT: 33-16.40 S    LONG: 026-37.40 E


                                       TEMPERATURE (°C)

                              HEAT    COOL                              MAX    MAX    MIN    MIN
          MEAN   MEAN         DEG     DEG                                >=     <=     <=     <=
 YR  MO   MAX    MIN    MEAN  DAYS    DAYS      HI  DAY     LOW  DAY     30      0      0    -20
------------------------------------------------------------------------------------------------
2021 01   26.8   15.0   19.8   14.0   60.4    40.4   23    10.3   02      9      0      0      0
2021 02   25.6   14.8   19.2   22.4   46.8    36.1   12    11.1   01      4      0      0      0
2021 03   25.3   14.5   18.8   31.2   45.0    38.9   13     9.0   22      7      0      0      0
2021 04   23.5   12.1   16.9   61.0   18.1    32.1   18     6.6   17      3      0      0      0
2021 05   21.5    9.2   14.8  114.9    4.3    28.3   14     3.9   17      0      0      0      0
2021 06   20.2    8.8   14.1  128.2    0.2    25.8   20     2.8   05      0      0      0      0
2021 07   18.3    5.6   11.4  213.9    0.3    26.7   08     1.7   10      0      0      0      0
2021 08   18.9    6.1   12.0  196.7    1.0    30.4   08    -0.3   29      1      0      1      0
2021 09   19.5    8.4   13.3  122.5   13.5    34.3   11     5.0   01      2      0      0      0
2021 10
2021 11
2021 12
------------------------------------------------------------------------------------------------
          22.2   10.5   15.6  904.8  189.6    40.4  Jan    -0.3  Aug     26      0      1      0


                  PRECIPITATION (mm)

                  MAX         ---DAYS OF RAIN---
                  OBS.               OVER
 YR  MO  TOTAL    DAY  DATE   0.30   3.00  30.00
------------------------------------------------
2021 01   98.5   26.0    26      9      9      0
2021 02   22.0   10.0    16      4      3      0
2021 03   63.0   32.0    14      4      4      1
2021 04   43.0   24.0    05      3      3      0
2021 05   22.0   14.0    07      2      2      0
2021 06    0.0    0.0    01      0      0      0
2021 07    9.5    5.5    23      2      2      0
2021 08   23.0   14.0    12      2      2      0
2021 09   43.0   30.0    16      3      3      0
2021 10   14.5    6.0    30      3      2      0
2021 11  117.5   33.9    08      8      7      1
2021 12   98.0   24.9    28      9      8      0
------------------------------------------------
         554.0   33.9   Nov     49     45      2


           WIND SPEED (km/h)

                                DOM
 YR  MO    AVG     HI   DATE    DIR
-----------------------------------
2021 01   16.4   43.2     19    159
2021 02   15.5   40.7     15    169
2021 03   16.0   43.9     10    154
2021 04   13.4   46.8     15    162
2021 05   15.1   60.5     20    296
2021 06   16.0   64.4     30    303
2021 07   18.5   61.9     13    298
2021 08   15.9   48.6     11    275
2021 09   16.7   51.5     11    203
2021 10
2021 11
2021 12
-----------------------------------
          15.9   64.4    Jun    251
