                     CLIMATOLOGICAL SUMMARY for year 2011


NAME: Woodlands Farm, N2, Grahamstown, EC, South Africa                  
ELEV: 652 meters    LAT: 33-16.40 S    LONG: 026-37.40 E


                                       TEMPERATURE (°C)

                              HEAT    COOL                              MAX    MAX    MIN    MIN
          MEAN   MEAN         DEG     DEG                                >=     <=     <=     <=
 YR  MO   MAX    MIN    MEAN  DAYS    DAYS      HI  DAY     LOW  DAY     30      0      0    -20
------------------------------------------------------------------------------------------------
2011 01   25.5   15.4   19.5   13.3   50.7    36.6   19    10.8   28      6      0      0      0
2011 02   27.8   17.1   21.2    0.0   79.8    34.6   15    14.1   20      6      0      0      0
2011 03   26.0   15.4   19.6   12.2   51.9    36.8   02     9.2   27      7      0      0      0
2011 04   21.0   10.9   15.3   98.7    8.3    29.6   09     2.9   29      0      0      0      0
2011 05   18.5    9.2   13.5  152.4    2.2    27.1   02     4.9   28      0      0      0      0
2011 06   15.6    6.4   10.8  225.2    0.0    22.5   15     3.1   01      0      0      0      0
2011 07   15.4    5.9   10.3  250.0    0.0    20.3   14     2.3   02      0      0      0      0
2011 08   18.0    6.7   11.8  205.6    4.1    31.0   30     3.1   07      1      0      0      0
2011 09   19.9    8.2   13.2  155.4    1.3    29.6   25     4.8   04      0      0      0      0
2011 10   21.3   10.2   14.9  121.9   16.0    34.7   10     4.2   06      2      0      0      0
2011 11   20.7   10.1   14.7  113.7    5.0    33.0   07     6.2   25      3      0      0      0
2011 12   22.8   12.8   17.2   55.7   21.7    33.2   05     9.3   09      3      0      0      0
------------------------------------------------------------------------------------------------
          21.0   10.7   15.1 1404.2  240.9    36.8  Mar     2.3  Jul     28      0      0      0


                  PRECIPITATION (mm)

                  MAX         ---DAYS OF RAIN---
                  OBS.               OVER
 YR  MO  TOTAL    DAY  DATE   0.30   3.00  30.00
------------------------------------------------
2011 01   77.9   18.8    21      9      9      0
2011 02   31.0   14.8    05      3      3      0
2011 03   65.1   29.7    18      6      3      0
2011 04   77.9   29.7    16      7      6      0
2011 05  115.0   61.4    07      6      4      2
2011 06  188.0  119.0    08      6      6      1
2011 07   84.0   50.5    24      4      3      1
2011 08   30.0   11.9    23      4      3      0
2011 09    0.0    0.0    01      0      0      0
2011 10   75.0   46.3    02      6      5      1
2011 11  144.5   59.2    27      9      4      2
2011 12   67.5   34.5    01      7      6      1
------------------------------------------------
         955.9  119.0   Jun     67     52      8


           WIND SPEED (km/h)

                                DOM
 YR  MO    AVG     HI   DATE    DIR
-----------------------------------
2011 01   16.8   43.2     16    107
2011 02   14.3   40.3     22    134
2011 03   13.7   39.2     08    177
2011 04   15.4   47.5     29    259
2011 05   15.1   55.4     13    301
2011 06   17.8   58.0     16    299
2011 07   13.5   51.5     02    296
2011 08   14.4   44.6     24    286
2011 09   16.6   51.5     02    244
2011 10   17.0   49.3     14    215
2011 11   16.6   51.1     13    186
2011 12   16.0   54.0     26    169
-----------------------------------
          15.6   58.0    Jun    228
