                     CLIMATOLOGICAL SUMMARY for year 2022


NAME: Woodlands Farm, N2, Grahamstown, EC, South Africa                  
ELEV: 652 meters    LAT: 33-16.40 S    LONG: 026-37.40 E


                                       TEMPERATURE (°C)

                              HEAT    COOL                              MAX    MAX    MIN    MIN
          MEAN   MEAN         DEG     DEG                                >=     <=     <=     <=
 YR  MO   MAX    MIN    MEAN  DAYS    DAYS      HI  DAY     LOW  DAY     30      0      0    -20
------------------------------------------------------------------------------------------------
2022 01
2022 02
2022 03
2022 04
2022 05
2022 06
2022 07
2022 08
2022 09
2022 10
2022 11
2022 12   16.9   16.9   16.9    1.4    0.0    16.9   01    16.9   01      0      0      0      0
------------------------------------------------------------------------------------------------
          16.9   16.9   16.9    1.4    0.0    16.9  Jan    16.9  Jan      0      0      0      0


                  PRECIPITATION (mm)

                  MAX         ---DAYS OF RAIN---
                  OBS.               OVER
 YR  MO  TOTAL    DAY  DATE   0.30   3.00  30.00
------------------------------------------------
2022 01   46.0   35.9    08      3      3      1
2022 02   38.0   25.9    02      2      2      0
2022 03   91.0   27.9    03      9      7      0
2022 04   52.0   15.9    02      7      5      0
2022 05   46.5   39.9    21      3      2      1
2022 06   24.5    8.0    23      5      3      0
2022 07   29.5   11.5    10      5      5      0
2022 08   41.5   13.0    07      7      4      0
2022 09   47.0   15.0    18      6      5      0
2022 10   42.0   13.0    15      5      4      0
2022 11   37.0   21.9    12      2      2      0
2022 12   92.0   37.9    17      6      6      1
------------------------------------------------
         587.0   39.9   May     60     48      3


           WIND SPEED (km/h)

                                DOM
 YR  MO    AVG     HI   DATE    DIR
-----------------------------------
2022 01
2022 02
2022 03
2022 04
2022 05
2022 06
2022 07
2022 08
2022 09
2022 10
2022 11
2022 12   15.3   15.3     01    160
-----------------------------------
          15.3   15.3    Jan    160
