                     CLIMATOLOGICAL SUMMARY for year 2013


NAME: Woodlands Farm, N2, Grahamstown, EC, South Africa                  
ELEV: 652 meters    LAT: 33-16.40 S    LONG: 026-37.40 E


                                       TEMPERATURE (°C)

                              HEAT    COOL                              MAX    MAX    MIN    MIN
          MEAN   MEAN         DEG     DEG                                >=     <=     <=     <=
 YR  MO   MAX    MIN    MEAN  DAYS    DAYS      HI  DAY     LOW  DAY     30      0      0    -20
------------------------------------------------------------------------------------------------
2013 01   24.3   14.3   18.4   27.4   29.5    33.3   13     9.3   05      3      0      0      0
2013 02   26.4   13.8   19.3   21.0   47.6    36.9   18     8.2   21      6      0      0      0
2013 03   25.7   13.6   18.5   34.9   39.2    36.8   21     9.5   19      7      0      0      0
2013 04   22.2   11.0   15.9   92.6   18.4    30.9   16     6.5   04      2      0      0      0
2013 05   20.7    9.0   14.4  129.7    7.0    30.0   01     3.9   05      1      0      0      0
2013 06   18.4    6.1   12.0  190.1    0.2    25.7   01     1.1   10      0      0      0      0
2013 07   18.1    7.3   12.3  188.3    0.0    25.9   26     1.6   31      0      0      0      0
2013 08   19.9    6.7   12.6  180.2    3.0    31.0   26     2.1   23      1      0      0      0
2013 09   20.8    6.6   12.8  167.0    1.0    29.9   23     2.2   21      0      0      0      0
2013 10   21.8   10.1   15.2  108.4   12.8    34.0   02     4.9   14      4      0      0      0
2013 11   22.6   11.8   16.5   67.9   14.0    36.0   25     8.2   03      3      0      0      0
2013 12   23.0   13.3   17.5   47.7   21.5    31.2   20     7.5   07      3      0      0      0
------------------------------------------------------------------------------------------------
          22.0   10.3   15.4 1255.1  194.1    36.9  Feb     1.1  Jun     30      0      0      0


                  PRECIPITATION (mm)

                  MAX         ---DAYS OF RAIN---
                  OBS.               OVER
 YR  MO  TOTAL    DAY  DATE   0.30   3.00  30.00
------------------------------------------------
2013 01   25.9    7.8    15      4      4      0
2013 02  106.0   40.1    10      7      5      1
2013 03  124.0   47.7    29      6      4      2
2013 04   40.0   27.4    22      3      2      0
2013 05   10.5    6.9    10      2      2      0
2013 06    9.1    8.3    08      2      1      0
2013 07   18.9    6.9    01      4      3      0
2013 08   19.5    9.8    06      4      2      0
2013 09    0.0    0.0    01      0      0      0
2013 10  109.6   36.5    20      9      6      1
2013 11   89.9   27.6    16      8      7      0
2013 12   47.5   11.7    27      7      5      0
------------------------------------------------
         600.9   47.7   Mar     56     41      4


           WIND SPEED (km/h)

                                DOM
 YR  MO    AVG     HI   DATE    DIR
-----------------------------------
2013 01   16.8   56.9     03    175
2013 02   15.7   68.4     10    178
2013 03   16.9   44.6     14    150
2013 04   13.3   43.9     18    270
2013 05   13.5   45.0     27    299
2013 06   19.3   61.2     02    311
2013 07   17.0   60.8     18    316
2013 08   17.7   58.0     31    299
2013 09   17.4   60.5     27    259
2013 10   15.8   57.6     12    176
2013 11   17.8   58.0     16    187
2013 12   16.1   45.0     15    149
-----------------------------------
          16.5   68.4    Feb    242
