                     CLIMATOLOGICAL SUMMARY for year 2026


NAME: Woodlands Farm, N2, Grahamstown, EC, South Africa                  
ELEV: 652 meters    LAT: 33-16.40 S    LONG: 026-37.40 E


                                       TEMPERATURE (°C)

                              HEAT    COOL                              MAX    MAX    MIN    MIN
          MEAN   MEAN         DEG     DEG                                >=     <=     <=     <=
 YR  MO   MAX    MIN    MEAN  DAYS    DAYS      HI  DAY     LOW  DAY     30      0      0    -20
------------------------------------------------------------------------------------------------
2026 01   25.0   16.0   19.6    0.0   40.2    27.5   18    14.5   28      0      0      0      0
2026 02   24.9   16.1   19.6    0.0   35.9    27.0   18    14.4   27      0      0      0      0
2026 03   24.3   15.2   18.7    8.6   20.6    28.6   06    13.2   27      0      0      0      0
2026 04   23.0   12.6   17.1   55.0   17.2    31.7   10     6.1   22      2      0      0      0
2026 05
2026 06
2026 07
2026 08
2026 09
2026 10
2026 11
2026 12
------------------------------------------------------------------------------------------------
          24.3   15.0   18.8   63.5  113.9    31.7  Apr     6.1  Apr      2      0      0      0


                  PRECIPITATION (mm)

                  MAX         ---DAYS OF RAIN---
                  OBS.               OVER
 YR  MO  TOTAL    DAY  DATE   0.30   3.00  30.00
------------------------------------------------
2026 01   23.5   13.0    15      4      3      0
2026 02  143.5   69.8    25      8      8      1
2026 03   32.8   15.9    19      5      3      0
2026 04   38.2   12.2    12      8      5      0
2026 05
2026 06
2026 07
2026 08
2026 09
2026 10
2026 11
2026 12
------------------------------------------------
         238.0   69.8   Feb     25     19      1


           WIND SPEED (km/h)

                                DOM
 YR  MO    AVG     HI   DATE    DIR
-----------------------------------
2026 01   16.1   27.7     21    161
2026 02   15.1   25.7     28    169
2026 03   14.7   24.5     10    181
2026 04    7.4   43.5     27    206
2026 05
2026 06
2026 07
2026 08
2026 09
2026 10
2026 11
2026 12
-----------------------------------
          13.5   43.5    Apr    173
