                     CLIMATOLOGICAL SUMMARY for year 2016


NAME: Woodlands Farm, N2, Grahamstown, EC, South Africa                  
ELEV: 652 meters    LAT: 33-16.40 S    LONG: 026-37.40 E


                                       TEMPERATURE (°C)

                              HEAT    COOL                              MAX    MAX    MIN    MIN
          MEAN   MEAN         DEG     DEG                                >=     <=     <=     <=
 YR  MO   MAX    MIN    MEAN  DAYS    DAYS      HI  DAY     LOW  DAY     30      0      0    -20
------------------------------------------------------------------------------------------------
2016 01   27.5   15.9   20.5    9.5   78.2    34.0   30    11.7   08      7      0      0      0
2016 02   26.6   14.6   19.6   14.6   51.0    39.1   01    10.2   27      8      0      0      0
2016 03   24.7   13.5   18.2   32.9   29.2    39.5   05     8.1   22      3      0      0      0
2016 04   24.8   11.4   17.0   63.5   23.9    34.2   15     4.8   30      5      0      0      0
2016 05   22.0    9.9   15.5   94.8    5.5    27.7   21     4.5   01      0      0      0      0
2016 06   20.1    7.4   13.3  156.5    5.0    27.9   09     3.1   17      0      0      0      0
2016 07   17.9    6.9   11.9  198.6    0.5    25.5   05    -0.1   07      0      0      1      0
2016 08   22.1    8.7   14.7  137.3   25.4    33.4   31     1.9   23      5      0      0      0
2016 09   19.4    8.6   13.0  159.6    0.0    34.9   26     3.5   24      1      0      0      0
2016 10   21.8    9.7   14.9  108.9    3.8    30.7   20     5.0   13      2      0      0      0
2016 11   22.1   11.1   15.9   82.5    8.5    33.2   03     6.6   15      3      0      0      0
2016 12   27.9   13.9   19.7   19.6   62.1    38.0   18     9.1   25     12      0      0      0
------------------------------------------------------------------------------------------------
          23.1   11.0   16.2 1078.3  293.3    39.5  Mar    -0.1  Jul     46      0      1      0


                  PRECIPITATION (mm)

                  MAX         ---DAYS OF RAIN---
                  OBS.               OVER
 YR  MO  TOTAL    DAY  DATE   0.30   3.00  30.00
------------------------------------------------
2016 01   39.5   13.5    25      8      4      0
2016 02   48.0   16.4    04      9      5      0
2016 03   86.0   38.7    08     10      7      1
2016 04   22.5   14.4    05      4      3      0
2016 05   15.0   14.4    07      2      1      0
2016 06    7.0    3.8    15      2      1      0
2016 07   80.0   57.7    26      6      4      1
2016 08   14.5    6.7    03      3      2      0
2016 09   34.5   17.3    04      6      3      0
2016 10   15.0    4.8    16      3      3      0
2016 11   64.5   23.2    11     10      5      0
2016 12   21.0   10.5    28      5      2      0
------------------------------------------------
         447.5   57.7   Jul     68     40      2


           WIND SPEED (km/h)

                                DOM
 YR  MO    AVG     HI   DATE    DIR
-----------------------------------
2016 01   16.0   38.9     11    129
2016 02   15.0   52.9     26    151
2016 03   15.0   45.4     27    173
2016 04   15.4   43.2     20    251
2016 05   14.2   46.8     31    313
2016 06   16.3   50.4     10    291
2016 07   16.7   49.3     01    291
2016 08   16.0   48.2     31    284
2016 09   15.5   52.6     26    201
2016 10   17.0   44.6     04    169
2016 11   16.8   40.3     24    163
2016 12   16.4   55.4     24    160
-----------------------------------
          15.9   55.4    Dec    202
