                     CLIMATOLOGICAL SUMMARY for year 2018


NAME: Woodlands Farm, N2, Grahamstown, EC, South Africa                  
ELEV: 652 meters    LAT: 33-16.40 S    LONG: 026-37.40 E


                                       TEMPERATURE (°C)

                              HEAT    COOL                              MAX    MAX    MIN    MIN
          MEAN   MEAN         DEG     DEG                                >=     <=     <=     <=
 YR  MO   MAX    MIN    MEAN  DAYS    DAYS      HI  DAY     LOW  DAY     30      0      0    -20
------------------------------------------------------------------------------------------------
2018 01   26.4   14.6   19.6   19.3   59.9    36.1   04     9.5   09      6      0      0      0
2018 02   25.2   14.5   18.9   21.1   38.2    37.3   09     9.5   26      6      0      0      0
2018 03   22.5   13.3   17.1   53.7   14.2    34.0   13    10.8   26      3      0      0      0
2018 04   22.6   11.6   16.6   60.1    7.4    30.6   02     6.7   28      1      0      0      0
2018 05   21.7    9.2   15.0  109.3    6.0    30.0   06     4.8   30      1      0      0      0
2018 06   19.3    7.0   12.7  169.3    0.0    25.8   07     3.7   28      0      0      0      0
2018 07   20.0    7.8   13.4  155.0    0.8    25.5   12     1.8   04      0      0      0      0
2018 08   16.9    6.1   11.0  227.2    0.2    29.2   31     0.9   18      0      0      0      0
2018 09   19.4    7.1   12.6  173.4    2.5    32.8   30     2.0   20      1      0      0      0
2018 10   23.7   10.9   16.6   99.3   46.2    39.6   29     5.4   31      7      0      0      0
2018 11   23.0   10.4   16.0   82.5   11.2    32.1   12     4.2   01      3      0      0      0
2018 12   27.1   13.9   19.6   19.0   57.6    37.2   18     9.6   10      9      0      0      0
------------------------------------------------------------------------------------------------
          22.3   10.5   15.7 1189.2  244.1    39.6  Oct     0.9  Aug     37      0      0      0


                  PRECIPITATION (mm)

                  MAX         ---DAYS OF RAIN---
                  OBS.               OVER
 YR  MO  TOTAL    DAY  DATE   0.30   3.00  30.00
------------------------------------------------
2018 01   50.0   18.4    27      5      4      0
2018 02  134.0   59.8    14     11      9      1
2018 03  108.0   40.9    02      6      5      1
2018 04   52.0   31.9    02      5      2      1
2018 05    8.5    5.0    03      2      2      0
2018 06    5.5    5.0    30      2      1      0
2018 07   14.5   14.0    13      2      1      0
2018 08   48.5   41.9    10      5      1      1
2018 09   49.0   33.9    06      3      3      1
2018 10   32.5   10.0    02      6      3      0
2018 11   35.0   10.0    27      6      5      0
2018 12   13.5    7.5    27      3      2      0
------------------------------------------------
         551.0   59.8   Feb     56     38      5


           WIND SPEED (km/h)

                                DOM
 YR  MO    AVG     HI   DATE    DIR
-----------------------------------
2018 01   17.2  110.2     29    158
2018 02   15.9   54.0     23    139
2018 03   13.4   26.6     02    234
2018 04   14.2   52.2     26    265
2018 05   13.9   51.5     28    305
2018 06   15.8   55.1     01    298
2018 07   15.4   59.0     23    314
2018 08   15.6   48.6     27    264
2018 09   17.0   55.4     19    262
2018 10   16.6   65.5     30    183
2018 11   17.8   47.9     04    174
2018 12   16.9   49.0     18    166
-----------------------------------
          15.8  110.2    Jan    237
