                     CLIMATOLOGICAL SUMMARY for year 2020


NAME: Woodlands Farm, N2, Grahamstown, EC, South Africa                  
ELEV: 652 meters    LAT: 33-16.40 S    LONG: 026-37.40 E


                                       TEMPERATURE (°C)

                              HEAT    COOL                              MAX    MAX    MIN    MIN
          MEAN   MEAN         DEG     DEG                                >=     <=     <=     <=
 YR  MO   MAX    MIN    MEAN  DAYS    DAYS      HI  DAY     LOW  DAY     30      0      0    -20
------------------------------------------------------------------------------------------------
2020 01   25.1   15.6   19.4   25.2   57.3    35.8   31    10.5   28      5      0      0      0
2020 02   25.7   15.7   20.0   24.4   73.5    35.5   05    10.3   23      8      0      0      0
2020 03   25.1   14.6   19.0   24.2   43.8    37.3   07     5.8   27      3      0      0      0
2020 04   22.0   11.4   16.1   86.4   18.4    34.2   20     7.3   08      2      0      0      0
2020 05   21.4    9.9   14.9  108.4    3.2    27.7   21     3.9   26      0      0      0      0
2020 06   20.8    8.7   14.2  125.6    2.5    28.5   02     3.7   14      0      0      0      0
2020 07   20.5    6.5   13.2  161.3    1.7    25.6   09     1.3   12      0      0      0      0
2020 08   18.2    5.6   11.3  220.2    1.6    28.1   02     0.2   31      0      0      0      0
2020 09   22.3    8.5   14.2  135.2   12.6    34.6   12     3.1   28      5      0      0      0
2020 10   21.5   10.2   15.0  111.9    9.9    32.1   23     5.8   11      2      0      0      0
2020 11   22.9   12.1   16.4   69.4   12.3    37.8   13     8.8   27      3      0      0      0
2020 12   23.0   14.1   17.7   38.0   18.5    32.6   08     8.4   03      1      0      0      0
------------------------------------------------------------------------------------------------
          22.4   11.0   15.9 1130.3  255.5    37.8  Nov     0.2  Aug     29      0      0      0


                  PRECIPITATION (mm)

                  MAX         ---DAYS OF RAIN---
                  OBS.               OVER
 YR  MO  TOTAL    DAY  DATE   0.30   3.00  30.00
------------------------------------------------
2020 01  121.0   32.9    07     11      9      1
2020 02  115.0   21.9    07      9      9      0
2020 03   58.0   29.9    10      4      4      0
2020 04   57.0   41.9    27      5      3      1
2020 05    6.0    6.0    04      1      1      0
2020 06    5.0    5.0    11      1      1      0
2020 07    0.0    0.0    01      0      0      0
2020 08    9.0    9.0    05      1      1      0
2020 09   12.0    7.0    03      2      2      0
2020 10   83.0   47.8    04      5      5      1
2020 11   75.5   16.9    18      7      7      0
2020 12   86.5   17.9    13      9      9      0
------------------------------------------------
         628.0   47.8   Oct     55     51      3


           WIND SPEED (km/h)

                                DOM
 YR  MO    AVG     HI   DATE    DIR
-----------------------------------
2020 01   18.1   50.8     26    140
2020 02   16.1   43.9     07    140
2020 03   14.9   50.4     26    162
2020 04   14.0   43.6     12    237
2020 05   15.5   59.4     25    290
2020 06   17.3   59.8     11    307
2020 07   17.7   79.6     09    298
2020 08   18.7   58.0     18    276
2020 09   17.4   67.7     13    229
2020 10   16.3   47.9     13    167
2020 11   16.8   44.6     30    166
2020 12   16.3   50.0     01    163
-----------------------------------
          16.6   79.6    Jul    226
