                     CLIMATOLOGICAL SUMMARY for year 2015


NAME: Woodlands Farm, N2, Grahamstown, EC, South Africa                  
ELEV: 652 meters    LAT: 33-16.40 S    LONG: 026-37.40 E


                                       TEMPERATURE (°C)

                              HEAT    COOL                              MAX    MAX    MIN    MIN
          MEAN   MEAN         DEG     DEG                                >=     <=     <=     <=
 YR  MO   MAX    MIN    MEAN  DAYS    DAYS      HI  DAY     LOW  DAY     30      0      0    -20
------------------------------------------------------------------------------------------------
2015 01   26.7   15.0   19.8   17.0   63.9    38.0   12    11.0   21      8      0      0      0
2015 02   23.9   13.7   18.0   35.6   27.3    34.7   18     7.7   22      2      0      0      0
2015 03   25.2   14.3   18.7   26.0   36.9    36.3   04     9.4   03      6      0      0      0
2015 04   20.2   11.1   15.1  108.3   11.1    31.0   13     5.4   16      1      0      0      0
2015 05   20.8   10.1   14.6  116.1    1.6    28.0   18     6.1   17      0      0      0      0
2015 06   17.4    7.4   12.2  180.1    0.0    23.6   23     3.3   26      0      0      0      0
2015 07   15.3    6.6   10.5  243.1    0.0    24.3   11     1.1   14      0      0      0      0
2015 08   19.0    8.8   13.5  153.4    2.6    27.6   24     1.5   01      0      0      0      0
2015 09   19.8    9.0   13.5  145.5    1.1    30.5   24     5.9   17      1      0      0      0
2015 10   22.9   11.4   16.3   76.6   14.8    34.1   28     6.2   16      3      0      0      0
2015 11   21.5   10.2   15.3  103.6   13.9    34.1   05     6.0   03      2      0      0      0
2015 12   26.6   14.3   19.6   18.1   56.5    37.5   28     9.1   14      8      0      0      0
------------------------------------------------------------------------------------------------
          21.6   11.0   15.6 1223.3  229.8    38.0  Jan     1.1  Jul     31      0      0      0


                  PRECIPITATION (mm)

                  MAX         ---DAYS OF RAIN---
                  OBS.               OVER
 YR  MO  TOTAL    DAY  DATE   0.30   3.00  30.00
------------------------------------------------
2015 01   81.5   23.3    16      8      5      0
2015 02   65.7   26.2    13      5      4      0
2015 03   74.4   29.1    17     10      6      0
2015 04   87.0   53.3    05      7      4      1
2015 05    4.4    3.4    21      2      1      0
2015 06   80.1   24.1    01      6      4      0
2015 07  142.5   52.4    22     12      8      2
2015 08   44.2   17.6    31      7      4      0
2015 09   24.4   12.5    21      7      2      0
2015 10   50.5   21.2    02      4      4      0
2015 11   84.4   23.3    02     11      8      0
2015 12    2.0    1.9    12      1      0      0
------------------------------------------------
         741.0   53.3   Apr     80     50      3


           WIND SPEED (km/h)

                                DOM
 YR  MO    AVG     HI   DATE    DIR
-----------------------------------
2015 01   14.6   60.5     16    118
2015 02   13.3   42.8     05    170
2015 03   15.3   36.7     10    147
2015 04   13.9   41.0     05    221
2015 05   12.6   41.4     23    262
2015 06   15.8   59.0     04    290
2015 07   15.3   52.2     11    274
2015 08   14.2   47.2     04    284
2015 09   15.3   47.2     01    208
2015 10   15.2   47.2     10    171
2015 11   15.8   69.8     01    193
2015 12   16.0   52.6     21    161
-----------------------------------
          14.8   69.8    Nov    209
