                     CLIMATOLOGICAL SUMMARY for year 2009


NAME: Woodlands Farm, N2, Grahamstown, EC, South Africa                  
ELEV: 652 meters    LAT: 33-16.40 S    LONG: 026-37.40 E


                                       TEMPERATURE (°C)

                              HEAT    COOL                              MAX    MAX    MIN    MIN
          MEAN   MEAN         DEG     DEG                                >=     <=     <=     <=
 YR  MO   MAX    MIN    MEAN  DAYS    DAYS      HI  DAY     LOW  DAY     30      0      0    -20
------------------------------------------------------------------------------------------------
2009 01   25.8   14.7   19.1   17.1   39.7    36.2   26    10.5   24      4      0      0      0
2009 02   26.0   14.9   19.6   17.8   52.9    36.0   18    11.4   23      7      0      0      0
2009 03   26.1   14.0   19.2   26.2   52.4    35.3   30     5.1   18      8      0      0      0
2009 04   24.6   12.4   17.7   46.7   26.8    34.9   04     8.0   21      5      0      0      0
2009 05   21.5   10.1   15.1  106.1    7.1    28.2   12     4.9   29      0      0      0      0
2009 06   18.5    7.7   12.6  172.1    0.0    24.7   19     2.7   26      0      0      0      0
2009 07   18.6    7.7   12.6  178.3    0.0    24.5   11     1.0   23      0      0      0      0
2009 08   20.0    8.2   13.7  152.8    7.7    29.3   25     2.4   21      0      0      0      0
2009 09   21.1    8.2   13.4  148.5    0.0    30.3   06     4.1   19      1      0      0      0
2009 10   20.8   10.8   14.8  110.9    2.7    30.4   24     5.8   30      1      0      0      0
2009 11   23.8   11.4   16.6   73.1   21.7    36.0   24     7.9   17      5      0      0      0
2009 12   24.0   12.7   17.1   52.2   15.2    39.7   21     8.1   14      4      0      0      0
------------------------------------------------------------------------------------------------
          22.5   11.1   15.9 1101.9  226.2    39.7  Dec     1.0  Jul     35      0      0      0


                  PRECIPITATION (mm)

                  MAX         ---DAYS OF RAIN---
                  OBS.               OVER
 YR  MO  TOTAL    DAY  DATE   0.30   3.00  30.00
------------------------------------------------
2009 01   27.0   15.0    28      3      3      0
2009 02  133.0   29.9    15      7      7      0
2009 03    0.0    0.0    01      0      0      0
2009 04   31.0   18.9    24      3      3      0
2009 05   12.0   12.0    07      1      1      0
2009 06   44.0   15.9    22      3      3      0
2009 07   30.1   24.9    23      2      2      0
2009 08   21.9   21.9    01      1      1      0
2009 09   11.0   11.0    27      1      1      0
2009 10  145.0   37.9    02      9      9      1
2009 11   38.0   25.9    18      3      3      0
2009 12   58.0   18.9    02      5      5      0
------------------------------------------------
         551.0   37.9   Oct     38     38      1


           WIND SPEED (km/h)

                                DOM
 YR  MO    AVG     HI   DATE    DIR
-----------------------------------
2009 01   14.6   47.5     01    151
2009 02   12.9   48.2     13    144
2009 03   12.6   41.4     17    148
2009 04   11.8   41.0     05    270
2009 05   13.6   56.2     31    316
2009 06   15.2   55.8     24    309
2009 07   13.3   49.3     02    317
2009 08   13.9   51.1     12    311
2009 09   12.6   45.4     02    211
2009 10   14.0   60.1     26    145
2009 11   15.4   52.2     24    144
2009 12   14.1   39.2     13    151
-----------------------------------
          13.7   60.1    Oct    201
