                     CLIMATOLOGICAL SUMMARY for year 2023


NAME: Woodlands Farm, N2, Grahamstown, EC, South Africa                  
ELEV: 652 meters    LAT: 33-16.40 S    LONG: 026-37.40 E


                                       TEMPERATURE (°C)

                              HEAT    COOL                              MAX    MAX    MIN    MIN
          MEAN   MEAN         DEG     DEG                                >=     <=     <=     <=
 YR  MO   MAX    MIN    MEAN  DAYS    DAYS      HI  DAY     LOW  DAY     30      0      0    -20
------------------------------------------------------------------------------------------------
2023 01   25.0   16.0   19.6    0.0   40.2    27.5   18    14.5   28      0      0      0      0
2023 02   24.9   16.1   19.6    0.0   35.9    27.0   18    14.4   27      0      0      0      0
2023 03   24.3   15.2   18.7    8.6   20.6    28.6   06    13.2   27      0      0      0      0
2023 04   21.6   12.8   16.2   63.1    0.6    25.2   13    11.2   23      0      0      0      0
2023 05   20.3   11.4   14.8  108.1    0.0    23.6   02     9.1   30      0      0      0      0
2023 06   17.9    9.1   12.5  173.8    0.0    20.5   07     7.3   17      0      0      0      0
2023 07   17.6    8.5   12.1  192.7    0.0    19.9   18     6.6   15      0      0      0      0
2023 08   18.5    8.8   12.6  176.2    0.0    22.7   25     7.1   20      0      0      0      0
2023 09   19.6    9.8   13.7  139.9    0.0    22.2   04     8.1   28      0      0      0      0
2023 10   20.3   11.4   15.0  102.8    0.0    23.8   29     9.9   13      0      0      0      0
2023 11   21.4   12.2   16.0   70.5    0.0    24.8   03    10.8   15      0      0      0      0
2023 12   23.2   14.4   18.0   21.6   12.8    25.9   21    12.7   05      0      0      0      0
------------------------------------------------------------------------------------------------
          21.2   12.1   15.7 1057.2  110.1    28.6  Mar     6.6  Jul      0      0      0      0


                  PRECIPITATION (mm)

                  MAX         ---DAYS OF RAIN---
                  OBS.               OVER
 YR  MO  TOTAL    DAY  DATE   0.30   3.00  30.00
------------------------------------------------
2023 01   69.5   31.9    06      7      5      1
2023 02   40.0   10.0    08      7      7      0
2023 03   46.0   17.9    15      5      4      0
2023 04    6.5    3.0    03      3      0      0
2023 05  102.0   53.8    13      8      5      1
2023 06   46.0   19.9    15      4      3      0
2023 07   39.0   14.0    09      4      3      0
2023 08    4.5    4.5    09      1      1      0
2023 09  100.0   99.7    25      2      1      1
2023 10  194.0   49.8    15     13     11      2
2023 11   45.5   15.9    17      5      3      0
2023 12   70.5   28.4    10      9      6      0
------------------------------------------------
         763.5   99.7   Sep     68     49      5


           WIND SPEED (km/h)

                                DOM
 YR  MO    AVG     HI   DATE    DIR
-----------------------------------
2023 01   16.1   27.7     21    161
2023 02   15.1   25.7     28    169
2023 03   14.7   24.5     10    181
2023 04   13.8   23.0     06    205
2023 05   14.2   28.9     28    232
2023 06   16.9   30.6     15    257
2023 07   16.4   29.5     01    246
2023 08   16.1   29.2     18    226
2023 09   16.4   26.2     15    200
2023 10   16.6   30.3     26    178
2023 11   16.8   28.1     20    176
2023 12   16.3   27.6     01    165
-----------------------------------
          15.8   30.6    Jun    198
